# Supported languages for queuemetrics

|  | Language | Alternatives | Missing | Human checked | AI based | Completion |   |
|--|----------|--------------|---------|---------------|----------|------------|---|
| 1 | *English (en_US)* |  | 0 | 100.0% | 0.0% | 100.0% | 游땙 |
| 2 | *Amharic (Ethiopia) (am_ET)* |  | 0 | 4.9% | 95.1% | 100.0% | 游릭 |
| 3 | *Arabic (ar_SA)* |  | 0 | 80.7% | 19.3% | 100.0% | 游릭 |
| 4 | *Catalan (ca_ES)* |  | 0 | 72.3% | 27.7% | 100.0% | 游릭 |
| 5 | *German (de_DE)* |  | 0 | 99.5% | 0.5% | 100.0% | 游릭 |
| 6 | *Greek (el_GR)* |  | 0 | 99.7% | 0.3% | 100.0% | 游릭 |
| 7 | *Spanish (es_ES)* | es_LA | 0 | 19.9% | 80.1% | 100.0% | 游릭 |
| 8 | *Latam Spanish (es_LA)* | es_ES | 0 | 99.7% | 0.3% | 100.0% | 游릭 |
| 9 | *French (fr_FR)* |  | 0 | 100.0% | 0.0% | 100.0% | 游릭 |
| 10 | *Hungarian (hu_HU)* |  | 0 | 16.7% | 83.3% | 100.0% | 游릭 |
| 11 | *Italian (it_IT)* |  | 0 | 100.0% | 0.0% | 100.0% | 游릭 |
| 12 | *Hebrew (iw_IL)* |  | 0 | 43.6% | 56.4% | 100.0% | 游릭 |
| 13 | *Japanese (jp_JP)* |  | 0 | 23.8% | 76.2% | 100.0% | 游릭 |
| 14 | *Georgian (ka_GE)* |  | 0 | 65.5% | 34.5% | 100.0% | 游릭 |
| 15 | *Korean (ko_KR)* |  | 0 | 75.8% | 24.2% | 100.0% | 游릭 |
| 16 | *Dutch (nl_NL)* |  | 0 | 41.3% | 58.7% | 100.0% | 游릭 |
| 17 | *Polish (pl_PL)* |  | 0 | 23.7% | 76.3% | 100.0% | 游릭 |
| 18 | *Brazil Portuguese (pt_BR)* | pt_PT | 0 | 97.6% | 2.4% | 100.0% | 游릭 |
| 19 | *Portuguese (pt_PT)* | pt_BR | 0 | 72.6% | 27.4% | 100.0% | 游릭 |
| 20 | *Romanian (ro_RO)* |  | 0 | 38.6% | 61.4% | 100.0% | 游릭 |
| 21 | *Russian (ru_RU)* |  | 0 | 86.0% | 14.0% | 100.0% | 游릭 |
| 22 | *Slovak (sk_SK)* |  | 0 | 33.7% | 66.3% | 100.0% | 游릭 |
| 23 | *Turkish (tr_TR)* |  | 0 | 80.6% | 19.4% | 100.0% | 游릭 |
| 24 | *Chinese (zh_CN)* |  | 0 | 54.5% | 45.5% | 100.0% | 游릭 |
| 25 | *Thai (th_TH)* |  | 1 | 30.1% | 69.9% | 100.0% | 游릭 |


*Legend*

- 游땙 Main language
- 游릭 Very good
- 游댯 Fair
- 游리 Poor
- 游댮 Incomplete


Generated at Tue, June 03 2025 @ 08:41.

