# Supported languages for queuemetrics

|  | Language | Alternatives | Missing | Human checked | AI based | Completion |   |
|--|----------|--------------|---------|---------------|----------|------------|---|
| 1 | *English (en_US)* |  | 0 | 100.0% | 0.0% | 100.0% | 游땙 |
| 2 | *Amharic (Ethiopia) (am_ET)* |  | 0 | 4.8% | 95.2% | 100.0% | 游릭 |
| 3 | *Arabic (ar_SA)* |  | 0 | 78.8% | 21.2% | 100.0% | 游릭 |
| 4 | *Catalan (ca_ES)* |  | 0 | 70.6% | 29.4% | 100.0% | 游릭 |
| 5 | *German (de_DE)* |  | 0 | 97.2% | 2.8% | 100.0% | 游릭 |
| 6 | *Greek (el_GR)* |  | 0 | 97.4% | 2.6% | 100.0% | 游릭 |
| 7 | *Spanish (es_ES)* | es_LA | 0 | 19.5% | 80.5% | 100.0% | 游릭 |
| 8 | *Latam Spanish (es_LA)* | es_ES | 0 | 100.0% | 0.0% | 100.0% | 游릭 |
| 9 | *French (fr_FR)* |  | 0 | 97.6% | 2.4% | 100.0% | 游릭 |
| 10 | *Hungarian (hu_HU)* |  | 0 | 16.3% | 83.7% | 100.0% | 游릭 |
| 11 | *Italian (it_IT)* |  | 0 | 98.3% | 1.7% | 100.0% | 游릭 |
| 12 | *Japanese (jp_JP)* |  | 0 | 23.3% | 76.7% | 100.0% | 游릭 |
| 13 | *Georgian (ka_GE)* |  | 0 | 64.0% | 36.0% | 100.0% | 游릭 |
| 14 | *Korean (ko_KR)* |  | 0 | 74.0% | 26.0% | 100.0% | 游릭 |
| 15 | *Dutch (nl_NL)* |  | 0 | 40.3% | 59.7% | 100.0% | 游릭 |
| 16 | *Polish (pl_PL)* |  | 0 | 23.1% | 76.9% | 100.0% | 游릭 |
| 17 | *Brazil Portuguese (pt_BR)* | pt_PT | 0 | 95.3% | 4.7% | 100.0% | 游릭 |
| 18 | *Portuguese (pt_PT)* | pt_BR | 0 | 70.9% | 29.1% | 100.0% | 游릭 |
| 19 | *Romanian (ro_RO)* |  | 0 | 37.8% | 62.2% | 100.0% | 游릭 |
| 20 | *Russian (ru_RU)* |  | 0 | 84.0% | 16.0% | 100.0% | 游릭 |
| 21 | *Slovak (sk_SK)* |  | 0 | 32.9% | 67.1% | 100.0% | 游릭 |
| 22 | *Turkish (tr_TR)* |  | 0 | 78.8% | 21.2% | 100.0% | 游릭 |
| 23 | *Chinese (zh_CN)* |  | 0 | 53.2% | 46.8% | 100.0% | 游릭 |
| 24 | *Hebrew (iw_IL)* |  | 1 | 46.2% | 53.8% | 100.0% | 游릭 |
| 25 | *Thai (th_TH)* |  | 1 | 29.4% | 70.6% | 100.0% | 游릭 |


*Legend*

- 游땙 Main language
- 游릭 Very good
- 游댯 Fair
- 游리 Poor
- 游댮 Incomplete


Generated at Fri, February 20 2026 @ 15:38.

