# Supported languages for queuemetrics

|  | Language | Alternatives | Missing | Human checked | AI based | Completion |   |
|--|----------|--------------|---------|---------------|----------|------------|---|
| 1 | *English (en_US)* |  | 0 | 100.0% | 0.0% | 100.0% | 游땙 |
| 2 | *Amharic (Ethiopia) (am_ET)* |  | 0 | 4.8% | 95.2% | 100.0% | 游릭 |
| 3 | *Arabic (ar_SA)* |  | 0 | 80.3% | 19.7% | 100.0% | 游릭 |
| 4 | *Catalan (ca_ES)* |  | 0 | 71.9% | 28.1% | 100.0% | 游릭 |
| 5 | *German (de_DE)* |  | 0 | 99.1% | 0.9% | 100.0% | 游릭 |
| 6 | *Greek (el_GR)* |  | 0 | 99.3% | 0.7% | 100.0% | 游릭 |
| 7 | *Spanish (es_ES)* | es_LA | 0 | 19.8% | 80.2% | 100.0% | 游릭 |
| 8 | *Latam Spanish (es_LA)* | es_ES | 0 | 99.3% | 0.7% | 100.0% | 游릭 |
| 9 | *French (fr_FR)* |  | 0 | 99.5% | 0.5% | 100.0% | 游릭 |
| 10 | *Hungarian (hu_HU)* |  | 0 | 16.6% | 83.4% | 100.0% | 游릭 |
| 11 | *Italian (it_IT)* |  | 0 | 99.5% | 0.5% | 100.0% | 游릭 |
| 12 | *Hebrew (iw_IL)* |  | 0 | 43.4% | 56.6% | 100.0% | 游릭 |
| 13 | *Japanese (jp_JP)* |  | 0 | 23.7% | 76.3% | 100.0% | 游릭 |
| 14 | *Georgian (ka_GE)* |  | 0 | 65.2% | 34.8% | 100.0% | 游릭 |
| 15 | *Korean (ko_KR)* |  | 0 | 75.4% | 24.6% | 100.0% | 游릭 |
| 16 | *Dutch (nl_NL)* |  | 0 | 41.1% | 58.9% | 100.0% | 游릭 |
| 17 | *Polish (pl_PL)* |  | 0 | 23.6% | 76.4% | 100.0% | 游릭 |
| 18 | *Brazil Portuguese (pt_BR)* | pt_PT | 0 | 97.1% | 2.9% | 100.0% | 游릭 |
| 19 | *Portuguese (pt_PT)* | pt_BR | 0 | 72.2% | 27.8% | 100.0% | 游릭 |
| 20 | *Romanian (ro_RO)* |  | 0 | 38.5% | 61.5% | 100.0% | 游릭 |
| 21 | *Russian (ru_RU)* |  | 0 | 85.6% | 14.4% | 100.0% | 游릭 |
| 22 | *Slovak (sk_SK)* |  | 0 | 33.5% | 66.5% | 100.0% | 游릭 |
| 23 | *Turkish (tr_TR)* |  | 0 | 80.3% | 19.7% | 100.0% | 游릭 |
| 24 | *Chinese (zh_CN)* |  | 0 | 54.2% | 45.8% | 100.0% | 游릭 |
| 25 | *Thai (th_TH)* |  | 1 | 29.9% | 70.0% | 100.0% | 游릭 |


*Legend*

- 游땙 Main language
- 游릭 Very good
- 游댯 Fair
- 游리 Poor
- 游댮 Incomplete


Generated at Wed, July 23 2025 @ 11:22.

