# Supported languages for queuemetrics

|  | Language | Alternatives | Missing | Human checked | AI based | Completion |   |
|--|----------|--------------|---------|---------------|----------|------------|---|
| 1 | *English (en_US)* |  | 0 | 100.0% | 0.0% | 100.0% | 游땙 |
| 2 | *Amharic (Ethiopia) (am_ET)* |  | 0 | 4.8% | 95.2% | 100.0% | 游릭 |
| 3 | *Arabic (ar_SA)* |  | 0 | 79.8% | 20.2% | 100.0% | 游릭 |
| 4 | *Catalan (ca_ES)* |  | 0 | 71.5% | 28.5% | 100.0% | 游릭 |
| 5 | *German (de_DE)* |  | 0 | 98.4% | 1.6% | 100.0% | 游릭 |
| 6 | *Greek (el_GR)* |  | 0 | 98.6% | 1.4% | 100.0% | 游릭 |
| 7 | *Spanish (es_ES)* | es_LA | 0 | 19.7% | 80.3% | 100.0% | 游릭 |
| 8 | *Latam Spanish (es_LA)* | es_ES | 0 | 98.6% | 1.4% | 100.0% | 游릭 |
| 9 | *French (fr_FR)* |  | 0 | 98.8% | 1.2% | 100.0% | 游릭 |
| 10 | *Hungarian (hu_HU)* |  | 0 | 16.5% | 83.5% | 100.0% | 游릭 |
| 11 | *Italian (it_IT)* |  | 0 | 98.9% | 1.1% | 100.0% | 游릭 |
| 12 | *Hebrew (iw_IL)* |  | 0 | 43.1% | 56.9% | 100.0% | 游릭 |
| 13 | *Japanese (jp_JP)* |  | 0 | 23.5% | 76.5% | 100.0% | 游릭 |
| 14 | *Georgian (ka_GE)* |  | 0 | 64.8% | 35.2% | 100.0% | 游릭 |
| 15 | *Korean (ko_KR)* |  | 0 | 74.9% | 25.1% | 100.0% | 游릭 |
| 16 | *Dutch (nl_NL)* |  | 0 | 40.8% | 59.2% | 100.0% | 游릭 |
| 17 | *Polish (pl_PL)* |  | 0 | 23.4% | 76.6% | 100.0% | 游릭 |
| 18 | *Brazil Portuguese (pt_BR)* | pt_PT | 0 | 96.5% | 3.5% | 100.0% | 游릭 |
| 19 | *Portuguese (pt_PT)* | pt_BR | 0 | 71.7% | 28.3% | 100.0% | 游릭 |
| 20 | *Romanian (ro_RO)* |  | 0 | 38.2% | 61.8% | 100.0% | 游릭 |
| 21 | *Russian (ru_RU)* |  | 0 | 85.0% | 15.0% | 100.0% | 游릭 |
| 22 | *Slovak (sk_SK)* |  | 0 | 33.3% | 66.7% | 100.0% | 游릭 |
| 23 | *Turkish (tr_TR)* |  | 0 | 79.7% | 20.3% | 100.0% | 游릭 |
| 24 | *Chinese (zh_CN)* |  | 0 | 53.9% | 46.1% | 100.0% | 游릭 |
| 25 | *Thai (th_TH)* |  | 1 | 29.7% | 70.2% | 100.0% | 游릭 |


*Legend*

- 游땙 Main language
- 游릭 Very good
- 游댯 Fair
- 游리 Poor
- 游댮 Incomplete


Generated at Thu, October 30 2025 @ 11:32.

