# Supported languages for queuemetrics

|  | Language | Alternatives | Missing | Human checked | AI based | Completion |   |
|--|----------|--------------|---------|---------------|----------|------------|---|
| 1 | *English (en_US)* |  | 0 | 100.0% | 0.0% | 100.0% | 😎 |
| 2 | *Amharic (Ethiopia) (am_ET)* |  | 0 | 4.6% | 95.4% | 100.0% | 🟢 |
| 3 | *Arabic (ar_SA)* |  | 0 | 76.8% | 23.2% | 100.0% | 🟢 |
| 4 | *Catalan (ca_ES)* |  | 0 | 68.8% | 31.2% | 100.0% | 🟢 |
| 5 | *German (de_DE)* |  | 0 | 99.0% | 1.0% | 100.0% | 🟢 |
| 6 | *Greek (el_GR)* |  | 0 | 95.0% | 5.0% | 100.0% | 🟢 |
| 7 | *Spanish (es_ES)* | es_LA | 0 | 19.0% | 81.0% | 100.0% | 🟢 |
| 8 | *Latam Spanish (es_LA)* | es_ES | 0 | 97.5% | 2.5% | 100.0% | 🟢 |
| 9 | *French (fr_FR)* |  | 0 | 96.6% | 3.4% | 100.0% | 🟢 |
| 10 | *Hungarian (hu_HU)* |  | 0 | 15.9% | 84.1% | 100.0% | 🟢 |
| 11 | *Italian (it_IT)* |  | 0 | 95.8% | 4.2% | 100.0% | 🟢 |
| 12 | *Hebrew (iw_IL)* |  | 0 | 60.9% | 39.1% | 100.0% | 🟢 |
| 13 | *Japanese (jp_JP)* |  | 0 | 22.7% | 77.3% | 100.0% | 🟢 |
| 14 | *Georgian (ka_GE)* |  | 0 | 62.4% | 37.6% | 100.0% | 🟢 |
| 15 | *Korean (ko_KR)* |  | 0 | 72.2% | 27.8% | 100.0% | 🟢 |
| 16 | *Dutch (nl_NL)* |  | 0 | 39.3% | 60.7% | 100.0% | 🟢 |
| 17 | *Polish (pl_PL)* |  | 0 | 22.5% | 77.5% | 100.0% | 🟢 |
| 18 | *Brazil Portuguese (pt_BR)* | pt_PT | 0 | 92.9% | 7.1% | 100.0% | 🟢 |
| 19 | *Portuguese (pt_PT)* | pt_BR | 0 | 69.1% | 30.9% | 100.0% | 🟢 |
| 20 | *Romanian (ro_RO)* |  | 0 | 36.8% | 63.2% | 100.0% | 🟢 |
| 21 | *Russian (ru_RU)* |  | 0 | 81.9% | 18.1% | 100.0% | 🟢 |
| 22 | *Slovak (sk_SK)* |  | 0 | 32.1% | 67.9% | 100.0% | 🟢 |
| 23 | *Turkish (tr_TR)* |  | 0 | 76.8% | 23.2% | 100.0% | 🟢 |
| 24 | *Chinese (zh_CN)* |  | 0 | 51.9% | 48.1% | 100.0% | 🟢 |
| 25 | *Thai (th_TH)* |  | 1 | 28.6% | 71.3% | 100.0% | 🟢 |


*Legend*

- 😎 Main language
- 🟢 Very good
- 🔵 Fair
- 🟡 Poor
- 🔴 Incomplete


Generated at Thu, June 25 2026 @ 15:54.

